0.00259115793313097 0.0628584207855886
-0.0589213023493754 -0.0173130586464200
0.0122227931342475 0.00137002652140369
0.271788094930021 -0.0136414646192133
-0.0253517283185191 0.0610331693995232
0.148935820290838 -0.0634198810567116
0.0376432789171539 -0.0785467001072899
0.136018823201764 0.0552346332173146
0.104012461318649 0.115926322559531
-0.124717290049680 0.130858766668747
-0.108571561499222 0.0424741667963091
0.0332103994720498 -0.00311018535624417
0.0524766341646158 0.0299525589338085
0.119152664384064 0.0768661255540215
0.00617343461410787 0.0616655570984373
0.0456403875723980 -0.0698796618122260
-0.177733674634886 0.0124786254103524
-0.0398987605339012 0.114894107241530
0.0717349657220938 0.00267192045374451
-0.113355284120964 -0.0229758333648959
0.212800697880681 -0.0321816677595145
-0.0521737677681562 -0.0188419712423760
0.101080024473832 0.113961378552482
0.0786594274768236 -0.0762542163139419
-0.0597314946411053 -0.0409843097569995
-0.0390370704397175 0.00879911414725876
0.0154588469236166 -0.115457464903526
0.0379825218111079 0.0583856375799835
-0.0653861142635829 0.00207408100161303
0.160071543314172 -0.0189620889225524
-0.103107441334370 -0.0104635316066413
-0.0229314520465416 -0.0909475641671591
0.0385525649497526 0.0367498076080404
0.0739094510574174 -0.0349466973865377
-0.00324726737550834 -0.0519896803981131
0.0337632230038008 -0.0124341411321361
0.101596052133772 0.169203848933062
0.0611066273513948 0.163184659963344
0.00934651393164701 0.171817035123742
-0.0585765024085017 -0.123898683848067
0.0625187139397300 -0.0594204730392551
0.0164216990236213 -0.0797136830175922
0.0173931898492248 0.0750784079087221
0.130486352357554 0.107935730857231
0.0692142070939890 -0.0344839801011245
-0.0932694098271334 0.0586477908087075
-0.0227607689109088 0.0657012971460073
-0.0988941683131228 -0.118690339284568
-0.00764742726095646 0.203721892125211
0.0732555212759000 0.0574504824565582
0.106920673775509 0.0934581804802600
-0.0594633885121017 0.0169274776845213
0.0750796876274014 0.0841842127563213
0.0461624503905592 -0.0200312781985746
-0.112952404590265 -0.0881931210734659
-0.0603294282936558 -0.0564263408619760
-0.0908825769149168 0.0148039850897549
0.153512951333045 0.0480680473833085
-0.0512353540358964 0.00965984383860280
0.0161840013676621 0.00535655567492133
0.0471112362457711 -0.0762198235226123
-0.0413609425305936 0.0552937656873291
-0.227027245403123 -0.0303311092931559
0.0311182563115863 -0.0161393107369324
